workers,hits,score,submitTime,answer0,answer1,answer2,status,assignmentId
75e46d0d59e03b9bdff7452616d59b393407117cf4126906b5e20bf950508727,43f6ed2bae8bf3a8487c57322e80d69f6d59a81b9970df3f3b13e642a3b33139,stask2,2024-09-25 17:00:57+09:00,50,renewable,be,Submitted,b1dec1cf72f85a1b5b0460a0d5bd88c7e7e360eb700433a35ea34b9f3dc6f47f
6891cf09efa58709fbcc5aba0557bff415d5ebd3eef4082900074aeb888e6a79,43f6ed2bae8bf3a8487c57322e80d69f6d59a81b9970df3f3b13e642a3b33139,stask2,2024-09-25 17:00:59+09:00,50,renewable,be,Submitted,5279a7cdc7653bd3545ff6ff18e9d659356836bdcd109f008148da64e9a5c267
5e9e45913879dcc458aab63945d71f7ac7077d51828bec75c5a39ff9531d024e,43f6ed2bae8bf3a8487c57322e80d69f6d59a81b9970df3f3b13e642a3b33139,stask2,2024-09-25 17:01:01+09:00,350,renewable,ag,Submitted,cfd474177cad56813b1cd2e21851e6ab60985dc3782e5c070138f5503f05c31a
198b9e02ae1e3f0e0ed843e2fe042d60d6f8bfd9248ef10005b3638974c00f71,43f6ed2bae8bf3a8487c57322e80d69f6d59a81b9970df3f3b13e642a3b33139,stask2,2024-09-25 17:01:04+09:00,350,store,ag,Submitted,6a08da887d4be245b34dcea2f6e42b1c72e7e5f5d9bc045df6bb4711effc69aa
1480a3f41bac8fcb884d02650497be3072fdafa5061cd270ae097320e9129e64,43f6ed2bae8bf3a8487c57322e80d69f6d59a81b9970df3f3b13e642a3b33139,stask2,2024-09-25 17:01:05+09:00,350,store,ag,Submitted,040d2f997e221b89373dd1743b96464c4733d853df973d8b80efd0870648e5ff
71386de4addf4f7cf1097c1adee206bcc40c8aadda159878d9c527a84d958095,43f6ed2bae8bf3a8487c57322e80d69f6d59a81b9970df3f3b13e642a3b33139,stask2,2024-09-25 17:01:25+09:00,350,store,ag,Submitted,ad2aa058527f6a99bff39157c246b3222ac894df17db59298a1445458f036ea0
042a285e23fbcccdd580bddd89f5ba6df9909b47b1bed27c04af74b703413ebf,43f6ed2bae8bf3a8487c57322e80d69f6d59a81b9970df3f3b13e642a3b33139,stask2,2024-09-25 17:01:26+09:00,350,store,ag,Submitted,9db3db932fe71a1c8da5c7a8474797544336ee9c7435cf9e6f17b181dc3f4090
47a735cd228265832d1a1fb6d15c193f594df5bd836dfa8f93f7138f3be84f62,43f6ed2bae8bf3a8487c57322e80d69f6d59a81b9970df3f3b13e642a3b33139,stask2,2024-09-25 17:01:29+09:00,350,store,ag,Submitted,adc3f01b3a9ec34b5d8a4347b4599c086e491e0749d82adad098468c78822fee
8647fbeccc3cfdbc337c3d9decbcc7d6eeaec61637e9e8f250e87048ba2fb3a3,43f6ed2bae8bf3a8487c57322e80d69f6d59a81b9970df3f3b13e642a3b33139,stask2,2024-09-25 17:01:38+09:00,350,renewable,ag,Submitted,21915277b97e9b2a5645515e5ba0952409c9c728e32e6a3f3a12024819a57447
9811a480050c4be7831ed0f3a02e1b96749619643b6956ce725c276efa295f73,43f6ed2bae8bf3a8487c57322e80d69f6d59a81b9970df3f3b13e642a3b33139,stask2,2024-09-25 17:01:51+09:00,350,store,ag,Submitted,b2ef3cd624b0bfe2ed6d48e6fec2654674d9b62cab915d11976a24f701ad3f20
aa45e83edc86628ab56a4419f2a0dea786dc1e8ec8c0b9d47fa64cd87670da19,43f6ed2bae8bf3a8487c57322e80d69f6d59a81b9970df3f3b13e642a3b33139,stask2,2024-09-25 17:01:53+09:00,350,store,ag,Submitted,9071fe3f6ddeb8ba4810cdb7393ce5e16e7230c5b9dd0de2bfde49f8d9a238a3
484ebf640b6e089b0f4fac67f5cc70d1edb5b827a8aeac592c9b7a90def9a382,43f6ed2bae8bf3a8487c57322e80d69f6d59a81b9970df3f3b13e642a3b33139,stask2,2024-09-25 17:01:58+09:00,50,renewable,ag,Submitted,49500dccf72960baa5e065c14d2d0dec9ffc99f1135ee6fb496002709df4dbb1
2f5dd3622697aa64976ecba35a8a3e546b9cc7578392b56185bccd941dea7642,43f6ed2bae8bf3a8487c57322e80d69f6d59a81b9970df3f3b13e642a3b33139,stask2,2024-09-25 17:01:59+09:00,350,store,ag,Submitted,9ef82bb5379bc9efd871fd886c7eb29cb896791bbcd6db968696dfefd592514d
c2a6bccede01f7a6500bdc69a68d708721a73097370513a72005d3135651f298,43f6ed2bae8bf3a8487c57322e80d69f6d59a81b9970df3f3b13e642a3b33139,stask2,2024-09-25 17:02:14+09:00,350,store,be,Submitted,e221cbaae5c58d72df1d6bbc68df1ca587d612312a0eb33823beeb6556ccb63e
72cbb08caab0ba9d1078beedc5bc3e43aeca960f40c14b817bd2551621b9ce79,43f6ed2bae8bf3a8487c57322e80d69f6d59a81b9970df3f3b13e642a3b33139,stask2,2024-09-25 17:02:17+09:00,350,store,ag,Submitted,0da846977d7a6cb293db3e54e70e83515942342960c5686d1c1ca0d0b745cc5f
bb14dadda28cf47a18fa3dba9f8650158551ed0a24323eaec9fd0acca70eaa04,43f6ed2bae8bf3a8487c57322e80d69f6d59a81b9970df3f3b13e642a3b33139,stask2,2024-09-25 17:02:24+09:00,350,store,ag,Submitted,a1a9e07a79cb9458eb5747bd5d834e2d601e4eef7849774aecd4f194b1798d70
eb8aa4243144df592fdab17835e98999eb50d373815803d4bacb098f15304e6b,cdbb6f17abe722f65044a210d8ed33499c7e8640fb45371686064c4ce4251690,stask1,2024-09-25 17:02:41+09:00,350,store,ag,Submitted,6776e6c330f4993cd39d97ead0d9ee9944ec86bb1e81c8f9bab2ab0981e184f1
f2e87b31cffb4e6e35b59de64cdc5c16c2114e817496a33e0a22e40195ee3da8,43f6ed2bae8bf3a8487c57322e80d69f6d59a81b9970df3f3b13e642a3b33139,stask2,2024-09-25 17:02:27+09:00,350,store,be,Submitted,fcb665b5940382fcbf5a61608a8db15c4a205fd0555b592d3cb9da9d39b17100
bb0d398ab6a21a897b92775793fe3476e2f00e9837a7f888c007a67ed5709650,43f6ed2bae8bf3a8487c57322e80d69f6d59a81b9970df3f3b13e642a3b33139,stask2,2024-09-25 17:02:27+09:00,idk,store,ag,Submitted,a0f95a0901e51a5a4469f2524b49de76b1c0be4c4a9557ecae9f459c018f60a2
febe7447cbf65d4c629bbc426990edfdc4f6af7302fba2d27b58e7e4985b3496,43f6ed2bae8bf3a8487c57322e80d69f6d59a81b9970df3f3b13e642a3b33139,stask2,2024-09-25 17:02:29+09:00,350,store,ag,Submitted,07b0d86ab670d0bd1b076e70d3d33e88f8c2360a76e2f53dde160a3d26fb0cc8
217842fd10a8e2e2aef89a40c43bf20bda7888df82a7c36717399b96b2d6994d,43f6ed2bae8bf3a8487c57322e80d69f6d59a81b9970df3f3b13e642a3b33139,stask2,2024-09-25 17:02:44+09:00,idk,store,ag,Submitted,dc2c0e76139dc026c1aad5983c0a6586a9f3b5403872b4d71ae165cad5411133
5529e197e6e257936cab31180c85c8e1a520a2e6738769f3d5a3dc44a145ab14,43f6ed2bae8bf3a8487c57322e80d69f6d59a81b9970df3f3b13e642a3b33139,stask2,2024-09-25 17:02:45+09:00,50,store,ag,Submitted,cf8ff2063beb499865eb9d056b310624c9e8d1cd98a3afecfacade8726e89d75
35554ac1a2bf4e149c77b3ad2d3213735e4c59676a23f99b5c396eb473cd7bf7,43f6ed2bae8bf3a8487c57322e80d69f6d59a81b9970df3f3b13e642a3b33139,stask2,2024-09-25 17:03:15+09:00,50,store,ag,Submitted,1ff862d228c60b56d37993acdc479502b3d4463b36a2577f32a35147d1c8dbbf
304d3d927c70b16a7467b39e394a6d9e8f5aad7ba018db5c92a2a442913502f7,43f6ed2bae8bf3a8487c57322e80d69f6d59a81b9970df3f3b13e642a3b33139,stask2,2024-09-25 17:03:19+09:00,350,store,be,Submitted,fb6e2db651bae315473b841e3b5acea86c22fa1f0cd1c76b0be7bd05bbee2041
bd63850f0a6130a505c0651b6533bb0ac4b2ec9324fb66c699f490663477dc60,43f6ed2bae8bf3a8487c57322e80d69f6d59a81b9970df3f3b13e642a3b33139,stask2,2024-09-25 17:03:25+09:00,350,renewable,ag,Submitted,6b365b91eddf86c2da1a2dd8145dcee6c9ea99554e12fe5f5acbf6f012c03e10
d2e0ff7df64f22f6beb455af652d4835e3f3a7e34def922acec5fce698cea873,cdbb6f17abe722f65044a210d8ed33499c7e8640fb45371686064c4ce4251690,stask1,2024-09-25 17:03:21+09:00,350,store,ag,Submitted,a87e275060483e57e671ed8aadab3590e63c84dca2983505936010f3e4bebe61
04fb1ce5101455320f25af9293a9c2f83d12ab705c65db5b163d08a5ba9d41a7,cdbb6f17abe722f65044a210d8ed33499c7e8640fb45371686064c4ce4251690,stask1,2024-09-25 17:03:41+09:00,50,renewable,ag,Submitted,9850d635826d334006a906d8ab820bbf53a1ce05bcb4e8666d346f92b5b1a9aa
7fa58f2dd26bc81fa4b7a7ee91327043c693179052527c09706e142dce7b7070,cdbb6f17abe722f65044a210d8ed33499c7e8640fb45371686064c4ce4251690,stask1,2024-09-25 17:03:42+09:00,350,store,ag,Submitted,e0185f9d155767474b82e0b498e32d2d871958d281b9662b7179f195e9b32723
43c764c9bd2e6277f220a981f5e86bc21d09cca044c1675c03d43efa81309dbd,cdbb6f17abe722f65044a210d8ed33499c7e8640fb45371686064c4ce4251690,stask1,2024-09-25 17:03:58+09:00,350,store,ag,Submitted,d2e05e730d3cdebcd9be4a8c664ab6d8c020bf309500c735df1824954b076b19
e6387e1c3ea5aea038f23bd43a9258186f82f2ecf75ddc5d7967a407249429ea,cdbb6f17abe722f65044a210d8ed33499c7e8640fb45371686064c4ce4251690,stask1,2024-09-25 17:03:59+09:00,350,store,ag,Submitted,2a8e752a457f87d38d6f476b245403ff71b14a1eea902e90b2e3b2aac0bc5211
8401b7c45a9bf31914ab514ea69cd6882b1422820c33f7e09a7eb0f735f32eeb,cdbb6f17abe722f65044a210d8ed33499c7e8640fb45371686064c4ce4251690,stask1,2024-09-25 17:04:01+09:00,350,store,ag,Submitted,3c4b554a71f712ddfba9597182215ecc23c8cafbb2b47b157f0e2345be0f6d98
855deeef67557cb2bd7da5617c303224787ed854d3823cbe12a5a5b46f2f7753,43f6ed2bae8bf3a8487c57322e80d69f6d59a81b9970df3f3b13e642a3b33139,stask2,2024-09-25 17:03:17+09:00,idk,store,ag,Submitted,996caf320e677fe968851c54d01053105cae662212cd1c2cc85ebecef0916fc3
88a50b24c3b02cea037fd04f3247d45c8317bda38979ba2578bdfc55b8701617,43f6ed2bae8bf3a8487c57322e80d69f6d59a81b9970df3f3b13e642a3b33139,stask2,2024-09-25 17:03:32+09:00,350,store,ag,Submitted,b13a3e558153ee4e487baa31ad8a3b117ed13173ee0aba25b121e82126686520
8e424999d55f070416dcdf869561ebc23dc7e22e8bb5127701ca4a250cd99a8a,43f6ed2bae8bf3a8487c57322e80d69f6d59a81b9970df3f3b13e642a3b33139,stask2,2024-09-25 17:03:34+09:00,idk,store,ag,Submitted,1d0e747f24c4923f6eb925d80c0f735af162790b513321c077abd3245cf72afd
3404660f5327f9c2b8226dab91510d5be58b9d22fc2fe9b8fef90a8a7d9c575e,43f6ed2bae8bf3a8487c57322e80d69f6d59a81b9970df3f3b13e642a3b33139,stask2,2024-09-25 17:03:35+09:00,350,store,ag,Submitted,074ef1cb9ac4e308ad02f17957fc419d3f2a10a768a6b4134a3fe829c341eb9e
02af2d1a1708625091a686e160ed89307edaa41bdc28d4b690daa5e2bb3bd8b5,43f6ed2bae8bf3a8487c57322e80d69f6d59a81b9970df3f3b13e642a3b33139,stask2,2024-09-25 17:03:36+09:00,350,store,be,Submitted,76769287ae2c38311d53d41f105d547599d4a5e1ee577fd20cc6817b0f9fbdc7
c71fdb042fcfb57b9958c64099e0240436589753bbda21ce0026f925aed8ad9f,43f6ed2bae8bf3a8487c57322e80d69f6d59a81b9970df3f3b13e642a3b33139,stask2,2024-09-25 17:03:39+09:00,50,renewable,ag,Submitted,8c6266f1f159f491ede95504c94e1a256a45ee528aef1edb76b780462dabfcb2
15c6a5dbfef6ef52c421c256667d5e85c80c593b37e6b3f4542ffbb4864d3ae3,43f6ed2bae8bf3a8487c57322e80d69f6d59a81b9970df3f3b13e642a3b33139,stask2,2024-09-25 17:03:41+09:00,50,store,be,Submitted,6e83e02dba0db67718cb3b33685a250ebf5f3f7551500ef53f5702711e0ec1f8
f8d91237aa81cc280333dcaa3a376e72222d8eb73b80f8ca89a9019ab2ef2794,43f6ed2bae8bf3a8487c57322e80d69f6d59a81b9970df3f3b13e642a3b33139,stask2,2024-09-25 17:03:44+09:00,idk,idk,ag,Submitted,38d85d938eb0f0079f49ba6248bfc1ad095d3a754ed0bdafd129b8d11c38d539
92be72477d6f49cd7af80c23bbbf14e9892534fa34f31fe063f69b9bec4fb865,43f6ed2bae8bf3a8487c57322e80d69f6d59a81b9970df3f3b13e642a3b33139,stask2,2024-09-25 17:03:57+09:00,idk,store,ag,Submitted,faa340b00a76e68be24058ac263c194b2748d901448ad392795a8be81ae06fc6
6373910556648095533e7335d6a3ae65cb6bc96ded9a245372c72671b4b76b4e,43f6ed2bae8bf3a8487c57322e80d69f6d59a81b9970df3f3b13e642a3b33139,stask2,2024-09-25 17:04:04+09:00,350,renewable,be,Submitted,910eba50ba67f44e058373c99d9ca395d4c79c89e20ec832239f7a3ea1ca9e8d
e5e0d68882348e400f03fd2859ee458c6323ba0562fccf930b94ff45beca55b8,43f6ed2bae8bf3a8487c57322e80d69f6d59a81b9970df3f3b13e642a3b33139,stask2,2024-09-25 17:04:06+09:00,350,store,ag,Submitted,57c9bc7ce2b094024e72dd5e6d0420c2c35d11b9f59ad4ed1f5fd21829407b42
bc2a47a72fce6f28a02aafd96f777625000948f457a59efdea38b7c0dcbc66c7,43f6ed2bae8bf3a8487c57322e80d69f6d59a81b9970df3f3b13e642a3b33139,stask2,2024-09-25 17:04:06+09:00,350,store,ag,Submitted,cfe170043df9a403daa5e241778137b5d0b12ceeb30019506ca16ab781baf348
f72691002d8c13ec3b64a5f1854ed087b6d51eb8cbd0b09474ad8d1e522de396,43f6ed2bae8bf3a8487c57322e80d69f6d59a81b9970df3f3b13e642a3b33139,stask2,2024-09-25 17:04:07+09:00,50,store,be,Submitted,81960485f5c2fe475ab2a0e224f43869d4e26b19a9a4cfd1bfc0eacab95629bc
ed0450bfd60676cda95544c18177803b75840c375f6d8631c8156fb9cde2c86b,43f6ed2bae8bf3a8487c57322e80d69f6d59a81b9970df3f3b13e642a3b33139,stask2,2024-09-25 17:04:11+09:00,350,store,ag,Submitted,b288375a8931a23336592ceb92635f574ce8a3001ba47e45eb932e59b1fcf875
fe2a74e172c095b1d53a59c50a7dd8215613a656f2995d2bf65257367f396f4a,43f6ed2bae8bf3a8487c57322e80d69f6d59a81b9970df3f3b13e642a3b33139,stask2,2024-09-25 17:04:11+09:00,350,store,ag,Submitted,ab6abf2d1b1e38b7f33cef89513d45af6c02a3092a2b97bfe7a141491f8e15eb
abadfaa33ff3061efeb4ac307eaa47392cce8d4def09be74962d26467bdbdf34,43f6ed2bae8bf3a8487c57322e80d69f6d59a81b9970df3f3b13e642a3b33139,stask2,2024-09-25 17:04:21+09:00,350,store,ag,Submitted,63cc9e565036c3e14d15fddf8351bb92a5ee2e4c269692d143e7511e572180e1
52b1024ae6e27b547b80459a2f13c88068931cfac9742cb237b5fc40dd219102,cdbb6f17abe722f65044a210d8ed33499c7e8640fb45371686064c4ce4251690,stask1,2024-09-25 17:04:34+09:00,350,store,ag,Submitted,56f32ba100f246dc4fe657507ce953abaf1a0f029787aca48ac041ad12316a16
8ea41c8a623e3abf616132bff64e5a6c35f7db5ebad7c8b43e15c3e0522daa07,cdbb6f17abe722f65044a210d8ed33499c7e8640fb45371686064c4ce4251690,stask1,2024-09-25 17:04:38+09:00,350,store,ag,Submitted,6819c89f19c8e5704e880c6f7647f1967a09533e7a69f0c32fc51f7f32cd9ebb
0da02e572ac1ab0e74725dfe7abea062983567b6cb6d9dd8ab25446886b40be7,cdbb6f17abe722f65044a210d8ed33499c7e8640fb45371686064c4ce4251690,stask1,2024-09-25 17:05:26+09:00,350,store,ag,Submitted,e7ac616e558369b0d67d84c20852d0451d481414ceeed26ffeeadb4a88f04e96
4b8a7da8e9df61f5379fc57b2e49230a5a61a1ff5f94aa65fb62dce97e0af629,43f6ed2bae8bf3a8487c57322e80d69f6d59a81b9970df3f3b13e642a3b33139,stask2,2024-09-25 17:04:32+09:00,50,store,ag,Submitted,5235396cdea25fd5b380f3e627f2f2c3cc0ab9db8b0bec304294a8ff4a1b2943
3b56aca6801696972c126427e3149c14d6fba082ffd2b0619547cac56bc2e419,43f6ed2bae8bf3a8487c57322e80d69f6d59a81b9970df3f3b13e642a3b33139,stask2,2024-09-25 17:04:39+09:00,350,store,ag,Submitted,76298796df456164bd1b271101c1ba9e3fcaf6b0530162ace4705cb08f068e37
fd26b01d17b61b0f17431706ea873bdd283996eb00cb3d76a0d7bced81b22056,43f6ed2bae8bf3a8487c57322e80d69f6d59a81b9970df3f3b13e642a3b33139,stask2,2024-09-25 17:04:40+09:00,350,store,be,Submitted,cc9f740653332d95ab208dd22b0a58717299522f820200b327ed81fd17111fa3
4190840b46f31e762180cf6887b5d920ff0623498e8174d481f0a4c51286bf96,43f6ed2bae8bf3a8487c57322e80d69f6d59a81b9970df3f3b13e642a3b33139,stask2,2024-09-25 17:04:45+09:00,350,store,ag,Submitted,e61c784bd39eb98124b416ad0c1025ed41371bc7fe1d5ec763a1426eed5f01fd
2d9d8e583941ed2a650cddbdf212a01a911f2ebcb5be85dddda38c36b0dea8b0,43f6ed2bae8bf3a8487c57322e80d69f6d59a81b9970df3f3b13e642a3b33139,stask2,2024-09-25 17:05:00+09:00,50,store,ag,Submitted,16d21b76a079b188c6293c380576f1f20767643cabde3bcd461be49b9d8282ba
183325f458f7afab2f6fb842672819cfb7184b76df029a5c1c1736426352062f,43f6ed2bae8bf3a8487c57322e80d69f6d59a81b9970df3f3b13e642a3b33139,stask2,2024-09-25 17:05:10+09:00,350,store,ag,Submitted,079e4e333cb09ff88e5a4a630119c01af8b305e0cd99194fae7fe23cf380fe82
dbaf4938252b5cf624f9969de58cb1a21750dec9cf9772b6d9b332fa931e4ebe,43f6ed2bae8bf3a8487c57322e80d69f6d59a81b9970df3f3b13e642a3b33139,stask2,2024-09-25 17:05:22+09:00,50,store,ag,Submitted,71a7f9f76636326e0e3e943c9eeaa972e16e0481cad943aeb6daf94ebab3c1cd
5cefbc35b974f5b7ca202c34e447b85da279de9f2dee45bd4f80e6e91523bb40,43f6ed2bae8bf3a8487c57322e80d69f6d59a81b9970df3f3b13e642a3b33139,stask2,2024-09-25 17:05:24+09:00,350,renewable,ag,Submitted,eb88023bf0f01157a6a5ed4ac51ae3fbce85500e80427e7541f541372e939fbd
2d13c6405f6a064d98c29df09161578d6bbf38d75ec535d5ec58be2b5aa5e60b,cdbb6f17abe722f65044a210d8ed33499c7e8640fb45371686064c4ce4251690,stask1,2024-09-25 17:05:40+09:00,350,store,ag,Submitted,fcfc5eae94bea1f57113e5d344eb03aa427db7849fb1d561c61f4caa3301d8b9
6b4ba0192fe6ab1e4468ec1908df9eb382c91e425c7bae72f163d91275a02dd4,cdbb6f17abe722f65044a210d8ed33499c7e8640fb45371686064c4ce4251690,stask1,2024-09-25 17:05:52+09:00,idk,idk,idk,Submitted,3ba722bcd8c3cd606aa8650c9f283063597708d8651a087eea8f1c63a1855505
fc799194b652586884e8f05341fdca9db35292188efd1ce665e391e4b54c6ed2,cdbb6f17abe722f65044a210d8ed33499c7e8640fb45371686064c4ce4251690,stask1,2024-09-25 17:05:56+09:00,350,store,ag,Submitted,d92ff4d546c851749401d5894ee711e75e4efa68527dff8576f3dbb23d62376e
4e254d4c0f3d9a6ecb0cad7674f635e72bec2a0fd47d52e3cb73385b45dcd4ae,cdbb6f17abe722f65044a210d8ed33499c7e8640fb45371686064c4ce4251690,stask1,2024-09-25 17:05:59+09:00,350,store,ag,Submitted,5d69a5f8ff527acc2efd2dd7d0e74789760bd028578508199f196dfd8fb0ab9a
fd007325f69755b6150df88df0f58f72ca7948632d8fad89655236941f6088c4,cdbb6f17abe722f65044a210d8ed33499c7e8640fb45371686064c4ce4251690,stask1,2024-09-25 17:06:08+09:00,350,store,ag,Submitted,376141cb8a8f4a3e4fa216a609d8f7f79d7c76054d7935995cde4e0d2aaa5d09
9c8d4d4a10a0e7967b3a641baaad9798c27580e609441c3e478066241ef1c222,cdbb6f17abe722f65044a210d8ed33499c7e8640fb45371686064c4ce4251690,stask1,2024-09-25 17:06:12+09:00,350,store,ag,Submitted,611d4d38f09b8e3e200af662dc0062d162567360d109bb5f7fae8c5a8e730c07
fc8c627d12ccabdb0db63c61bf9ca83be938bef1453d26efd70e790c6a3df34a,43f6ed2bae8bf3a8487c57322e80d69f6d59a81b9970df3f3b13e642a3b33139,stask2,2024-09-25 17:05:36+09:00,350,store,ag,Submitted,cf0624baff76b539ecccb4e6d5c2c4d8e783a1fa89a612fb29040293d8385b9a
07863a83d692f56e15cb260c18ca2f43657ee0680f2d090195e18129e6b04b0e,43f6ed2bae8bf3a8487c57322e80d69f6d59a81b9970df3f3b13e642a3b33139,stask2,2024-09-25 17:05:39+09:00,50,store,ag,Submitted,83f86f3c61422bfd22c83feb6bb4434bd2de8f8b62ac6c2f43527d31b8ddfbcf
74c9385c0437b9b429c4be54810a4b2e7efe2abec1029cb0007ec3c94b4b59ad,43f6ed2bae8bf3a8487c57322e80d69f6d59a81b9970df3f3b13e642a3b33139,stask2,2024-09-25 17:05:43+09:00,350,store,ag,Submitted,da7729d497e5acb04299cd27b1d7803845f4a28f0d57aa63ab31c83c05f08025
41517861b296e9cd9c9c4169e7aeae39d784b465232fb5978e693d701c215543,43f6ed2bae8bf3a8487c57322e80d69f6d59a81b9970df3f3b13e642a3b33139,stask2,2024-09-25 17:06:04+09:00,350,store,ag,Submitted,da70afd1a0a32c5d2fb6b7b0cc3baa47362ba24a8f1d9925f3fa8db03f5ad3d1
4383d04390ed0c21897ebf34da990952104d824103f391e8571d16192a197d14,43f6ed2bae8bf3a8487c57322e80d69f6d59a81b9970df3f3b13e642a3b33139,stask2,2024-09-25 17:06:05+09:00,50,store,ag,Submitted,15bac0cd53890c9a1c9bdddac14b2802e6e08a7a34a5e032eb700654cb476785
9d6622c1c0b5c715a252d859dcc088dea58d96d084a72c03306289dc01e6a507,43f6ed2bae8bf3a8487c57322e80d69f6d59a81b9970df3f3b13e642a3b33139,stask2,2024-09-25 17:06:12+09:00,350,store,ag,Submitted,3d136ddf9a6311400de8b1904a72ad9e485318f968c3a44dd0ed75aff4235b58
484b003118f33b0b9cc03b2047e9ddd2fbb2f342a93d3bd13a8509b24a24c977,43f6ed2bae8bf3a8487c57322e80d69f6d59a81b9970df3f3b13e642a3b33139,stask2,2024-09-25 17:06:23+09:00,50,store,ag,Submitted,67fa7b1e35bc3d69edf1418fdbe4ca2e3e52d1027a34bd85db7614e1db1ab152
e6126ef416d12d6f13766bb32434fe8474592e2cddb6817d35a582a114d93275,43f6ed2bae8bf3a8487c57322e80d69f6d59a81b9970df3f3b13e642a3b33139,stask2,2024-09-25 17:06:28+09:00,350,store,ag,Submitted,ba356484aaa56ddaf38e91af680252360aac0039394a0bb86d208aad2ef8f0a7
764fa0fb32da9c372954c3ef0608db5cb30cd0a172b87212a5f84b36c32b72cd,cdbb6f17abe722f65044a210d8ed33499c7e8640fb45371686064c4ce4251690,stask1,2024-09-25 17:06:35+09:00,350,store,ag,Submitted,a540c9e04b0445b74c1bd016b3dbbee046e0ca353968c2f7b2a052585bf4c685
0d5b23989deb4c183148661af0ddaaac043c8934a63625bafc1c0c3a1310aaa7,cdbb6f17abe722f65044a210d8ed33499c7e8640fb45371686064c4ce4251690,stask1,2024-09-25 17:07:03+09:00,350,store,ag,Submitted,53b4c97c789c930b8d9e8a64669a5a7a4b6722c956c034a9a459398ebce72ec2
d97a065747a42eb42bb13d10224402410c916976f1f55971c0284b7afa00626a,cdbb6f17abe722f65044a210d8ed33499c7e8640fb45371686064c4ce4251690,stask1,2024-09-25 17:07:37+09:00,350,store,ag,Submitted,d6670c05b7d5788ee3a687c148655e8b3b2497629990b551e88b1c095646e237
f9978e1ccd61d2357e7a5437ea254d38d9ac8487b6ae45cf70221b09d0d28ce7,43f6ed2bae8bf3a8487c57322e80d69f6d59a81b9970df3f3b13e642a3b33139,stask2,2024-09-25 17:06:43+09:00,350,store,ag,Submitted,bbe998da5635558a9b6289515108df32da12e5bb2452b5509a84a583f2d2e82b
31ffd8334f8c0c5181986fc48714e4c32ae37299339f0e342f0fe8f1eb66a5a7,43f6ed2bae8bf3a8487c57322e80d69f6d59a81b9970df3f3b13e642a3b33139,stask2,2024-09-25 17:06:53+09:00,350,store,ag,Submitted,cb84d7eed9979f637178eac1f233c41f45ad0ffa403f60214b0fadf502369a94
7643fd75474b40918018a3f7a946fd00a2968734e196b1f81aaa9d3227ba4fe8,43f6ed2bae8bf3a8487c57322e80d69f6d59a81b9970df3f3b13e642a3b33139,stask2,2024-09-25 17:07:06+09:00,350,store,ag,Submitted,61b31e4d866d670e4607c73f1d830ad4ca75a51d50d440f83c1694b13123a4bb
f712dcfef37b641bcb5953b32465f63dcfb49e9f5f54c18e96b3af93aaac2d4d,43f6ed2bae8bf3a8487c57322e80d69f6d59a81b9970df3f3b13e642a3b33139,stask2,2024-09-25 17:07:07+09:00,350,renewable,ag,Submitted,99a8484364c45d9ee5555786111786489734a4c0f86e5efc6d72efcf932bef56
77e93596ef6e4ac2ea38216edee36195c71ac02a76cf7237b63ceda179896bce,43f6ed2bae8bf3a8487c57322e80d69f6d59a81b9970df3f3b13e642a3b33139,stask2,2024-09-25 17:07:12+09:00,350,store,ag,Submitted,22882c5e0e9b34d9deca569edd06fda8488d8ff52ac7887f2cea75f6d5e81b80
12e65601695146cc36b7da3df05eb9e5890aa80e90a271ecd0be6fc481302044,43f6ed2bae8bf3a8487c57322e80d69f6d59a81b9970df3f3b13e642a3b33139,stask2,2024-09-25 17:07:22+09:00,350,store,ag,Submitted,324760a54d7874c7d1eb49e2550b5901e3b48c9b9a4ec0f3c58f58c3a275d385
edf8d5adb588e96a48541712a276d65f646ab18ff6d58beb0797ba4340f8072a,43f6ed2bae8bf3a8487c57322e80d69f6d59a81b9970df3f3b13e642a3b33139,stask2,2024-09-25 17:07:29+09:00,350,renewable,ag,Submitted,b57d0b54d534aa56797b8fd2bd1b5cbb2651ffc2b4ebe1b3cb48adc72d6f51d5
519e9360401bbf74efa194e89308ada56ac827025ed082c949fbf10a4342241f,cdbb6f17abe722f65044a210d8ed33499c7e8640fb45371686064c4ce4251690,stask1,2024-09-25 17:07:49+09:00,50,store,ag,Submitted,38542fe7f8fcff519f6c193bc3a041f02bcce199bf611300ad681d7136b51ca0
fecdcdb633934fe817842e89aea6dcedd7ebe3a0a9e36e30d5e0ef86efd416d6,cdbb6f17abe722f65044a210d8ed33499c7e8640fb45371686064c4ce4251690,stask1,2024-09-25 17:08:32+09:00,50,renewable,ag,Submitted,23abcf06209dfdb10da1b4ba938e3e6ef86018b4fad1025d03d45ec3676a754a
01bba4721ccf69d504c2d96803dc7850de45f0c5e2cb6a324204dd63d9db68f0,cdbb6f17abe722f65044a210d8ed33499c7e8640fb45371686064c4ce4251690,stask1,2024-09-25 17:08:41+09:00,350,store,ag,Submitted,672c01dd4f63bb543d72cfae6580b903d4b7e2337fe6c8167bcc1725d3808e65
4dca1145e3964a9ce075f1b676b92bb193c60b5997dfaad4491789553ced5c0b,43f6ed2bae8bf3a8487c57322e80d69f6d59a81b9970df3f3b13e642a3b33139,stask2,2024-09-25 17:07:42+09:00,350,store,ag,Submitted,097aeb590f235a82075cec2438127e7a05d39279e321a1c1bde7ed1e916083f4
c6f13b3f5ffc70086100682c76ce7bef036f3bb37b96a8af3120a9e46f19ddc1,43f6ed2bae8bf3a8487c57322e80d69f6d59a81b9970df3f3b13e642a3b33139,stask2,2024-09-25 17:07:52+09:00,350,renewable,ag,Submitted,1d4db428be11a939690ac36233e9544990057999014fc27f2daa8dbbc79796f5
6c5557c20e9a6275747f4d644a73227d8e981c2c40109ba4f7b4762c260ef1d2,43f6ed2bae8bf3a8487c57322e80d69f6d59a81b9970df3f3b13e642a3b33139,stask2,2024-09-25 17:07:53+09:00,350,store,ag,Submitted,6636f63a9c36e804f34bb1686099879c13b48102a6b3bd424f744e94dc45d20b
b081b8873178aae5e832cdb1fa3f2fbcbc97ee27f9c3a79205e5a23662ca6051,43f6ed2bae8bf3a8487c57322e80d69f6d59a81b9970df3f3b13e642a3b33139,stask2,2024-09-25 17:08:11+09:00,50,store,ag,Submitted,8612a2b6a065628f2725ea4274ec42d7cbbd37b6ff9c58b45f1c764da998f400
1a4d8660882335bf24255e0b94253086c1c424f42c32d0fc8df4bc56ecc4f4ac,43f6ed2bae8bf3a8487c57322e80d69f6d59a81b9970df3f3b13e642a3b33139,stask2,2024-09-25 17:08:19+09:00,350,renewable,ag,Submitted,6d3919b910f8f6e461024133ce3ff5f99d8c2add95fc3c7dd2ded98ad7b5ad99
34720a451c39239c75a8190c9fcfb3e4dc29b7163fd69b6eb8ec6917cb07325e,cdbb6f17abe722f65044a210d8ed33499c7e8640fb45371686064c4ce4251690,stask1,2024-09-25 17:09:37+09:00,350,store,ag,Submitted,a778e5dc4c904f0167b4d701fa461665888883e2b5fa5f61de2c258af23a7381
72444a9ac0b41e9e4a4078ac75b57586711e791e8b91e4965d06b39e0ee7c729,43f6ed2bae8bf3a8487c57322e80d69f6d59a81b9970df3f3b13e642a3b33139,stask2,2024-09-25 17:08:47+09:00,350,store,ag,Submitted,7f8bed55e2b27e5463cf2cae50082c8f8f21926d48f5d309b979d875a9673466
1b95e83aa52a5f11fcc4897f72ccd144ec7045d375fcb1b9f850281d54874cd7,43f6ed2bae8bf3a8487c57322e80d69f6d59a81b9970df3f3b13e642a3b33139,stask2,2024-09-25 17:09:45+09:00,350,renewable,ag,Submitted,02a80b11be0603b5b05193615111c7b3d752ac1202cdc8a9a30fb8e7374f9c00
e1d0119fc2300cce50fc2706bc48436ce8dbd57a73ccbe0e664b4dcca44fca6b,cdbb6f17abe722f65044a210d8ed33499c7e8640fb45371686064c4ce4251690,stask1,2024-09-25 17:09:45+09:00,350,store,ag,Submitted,4f2cb8d501a562b330c7ea848e27ebbc60b479b59f6afa3f2a73967799f6bdff
a6fedc8a6e57d8bab3030745dd6cb8bdf77a00a49505be012070fdde63973dac,cdbb6f17abe722f65044a210d8ed33499c7e8640fb45371686064c4ce4251690,stask1,2024-09-25 17:09:53+09:00,350,store,ag,Submitted,eb0b50f8890099cc49e783479921635771f8b56a1c3da08e6c9dfd7efd268f46
40bef877ef714d740b1df907883c3fe83ee981f15bf5e1e2a1d13aa160517dd8,43f6ed2bae8bf3a8487c57322e80d69f6d59a81b9970df3f3b13e642a3b33139,stask2,2024-09-25 17:10:04+09:00,350,store,ag,Submitted,5b1946d264b5cc9c94b9ab58c16dc3ef47d5ea9220cab5154b673079e0fea82f
3e21886f8b884215b973ba76644ad8530697c3c8dbb501a56e981f91590390f6,43f6ed2bae8bf3a8487c57322e80d69f6d59a81b9970df3f3b13e642a3b33139,stask2,2024-09-25 17:10:25+09:00,350,store,ag,Submitted,a41b1e82c721d9b7223524d38b2b86cf2d6113742a4c6062bbe80d3ccca8a83b
974287bb3711fdbf6911c45f4cd3b70591a8bef86211cc56da7bcc1336b06ea2,43f6ed2bae8bf3a8487c57322e80d69f6d59a81b9970df3f3b13e642a3b33139,stask2,2024-09-25 17:10:37+09:00,350,store,ag,Submitted,02b36a5628b1051760586b4e99d57aa743d00aee4dac3ce77d084e88269a5a9e
54c048a498a747cbb53813d29b5cfe81fa6c8af902283437d5d2581e34414bfd,cdbb6f17abe722f65044a210d8ed33499c7e8640fb45371686064c4ce4251690,stask1,2024-09-25 17:10:58+09:00,350,store,ag,Submitted,f4d7dce642b58705becb6811d9029a451ed5af306a2f1f33bdd719158e99732e
493e079c1901055be10d0872f28ee7869aa70e0fef778f69636de13f1fe4db1f,cdbb6f17abe722f65044a210d8ed33499c7e8640fb45371686064c4ce4251690,stask1,2024-09-25 17:11:16+09:00,350,store,ag,Submitted,2c1c3e4a66973696b3ab192bc40cc3ff94f45a1173d27bd0219edadc8c236601
75bd077be7503bcadeb7e82fa8b81abf2417f4515b096277ec4c35d4e158a4b7,43f6ed2bae8bf3a8487c57322e80d69f6d59a81b9970df3f3b13e642a3b33139,stask2,2024-09-25 17:11:00+09:00,350,store,ag,Submitted,e969768b514aecf1a3bdf2c31f65ad92254992423e96abf12d36d104f381b36e
b5225677142e59c1db377225298e17bac8ccad415108603b88623132c9894280,43f6ed2bae8bf3a8487c57322e80d69f6d59a81b9970df3f3b13e642a3b33139,stask2,2024-09-25 17:11:13+09:00,350,renewable,be,Submitted,836209f37e4fad7a0c5bc643f070c9e4898e0bb3b8595ed001eebd91a926ae80
527c2e78cd4ce3635a902de1aafa77c5955388868339a0285cd6198fb0967fb2,43f6ed2bae8bf3a8487c57322e80d69f6d59a81b9970df3f3b13e642a3b33139,stask2,2024-09-25 17:11:29+09:00,350,store,ag,Submitted,e66799130db9e5dde16e8fe70dc145a6f725b198bb001122210c096dd8557d27
1776555b992682b48822f63dd77ae2e8146b1f374d740e9499aedcdb7ab36438,43f6ed2bae8bf3a8487c57322e80d69f6d59a81b9970df3f3b13e642a3b33139,stask2,2024-09-25 17:11:33+09:00,350,store,ag,Submitted,1e177d4d9287a1b2d6dd813ce9d95c5b700b3d0c05e97bd3c9e52166fbaba64d
5c26960ae3984252a13ebb5721eb38fa7ef04e1d9b2898009ea98e45a34ea9b8,43f6ed2bae8bf3a8487c57322e80d69f6d59a81b9970df3f3b13e642a3b33139,stask2,2024-09-25 17:11:35+09:00,350,store,ag,Submitted,d7fbc794cbe3345acd81291e269b2a66a3306467036d32c8bea67666594eb878
3ddc7b93498ad7470908262dc1077d27ddfa9942b8f21d76d7b1b5d949b6c4dd,43f6ed2bae8bf3a8487c57322e80d69f6d59a81b9970df3f3b13e642a3b33139,stask2,2024-09-25 17:11:49+09:00,50,store,ag,Submitted,21b7b2680e9ba33c337f8ebd10069cd52d97a8bd7920724ec8d8d79390e7bd3b
512c223362dbe5895f623b94cd9a91062f89c04b521ad45a18a45f520339084a,43f6ed2bae8bf3a8487c57322e80d69f6d59a81b9970df3f3b13e642a3b33139,stask2,2024-09-25 17:11:56+09:00,50,store,ag,Submitted,e16639475024e0007d45acaaf8595bbe7a35753ad25fe09dc29b827e0e04d31b
44200a55a3f5b44ee7656fc6d56a32efdf1daa4c6a07576036ae5f3a235d702c,43f6ed2bae8bf3a8487c57322e80d69f6d59a81b9970df3f3b13e642a3b33139,stask2,2024-09-25 17:12:04+09:00,50,store,ag,Submitted,9bd209ce2dcef33b6adfdaf43331cd2d7899f00c8ed92accffc534afe58c31e6
d86fa1cd8165cb16f35c0352e639f0fa148add8bba562081d9e145f0e3f476bc,43f6ed2bae8bf3a8487c57322e80d69f6d59a81b9970df3f3b13e642a3b33139,stask2,2024-09-25 17:12:05+09:00,50,renewable,be,Submitted,cf786476ee0b8c748f97d71c4983e0b9de6d7c5b507925efbcf020508c59bf63
79c9b4194547a9f377c59e0a51b80923d9de0ad17a7aed36ce224fd32605ed39,43f6ed2bae8bf3a8487c57322e80d69f6d59a81b9970df3f3b13e642a3b33139,stask2,2024-09-25 17:12:14+09:00,idk,idk,ag,Submitted,7e28e76c28b5f0aac3e9b69840f20b7353ff00464e9b58d39d486a41b01a0cfc
aa0a4124f6e0ce2d8999f2ac3ea2bc538fb723fdb14577d1c4682bb0b4b027ed,43f6ed2bae8bf3a8487c57322e80d69f6d59a81b9970df3f3b13e642a3b33139,stask2,2024-09-25 17:12:29+09:00,50,store,ag,Submitted,3357cad2db3cb77de47fa81995c7c6ea50ae4c3a8833a3f39626c5490c1bb52d
7f666f472949de302463baaaa39a50bc9bac89f97ac2206165018bc5541efdce,43f6ed2bae8bf3a8487c57322e80d69f6d59a81b9970df3f3b13e642a3b33139,stask2,2024-09-25 17:12:56+09:00,350,store,ag,Submitted,3042da746b7cc803cbdf8534e21ee11b2130c8f8365f4addf45b0bb22fa6238d
d43ffd7651ab67243ffce7577d237d29c28e41bac376f74295c97ba6e7a75e00,43f6ed2bae8bf3a8487c57322e80d69f6d59a81b9970df3f3b13e642a3b33139,stask2,2024-09-25 17:12:55+09:00,350,store,ag,Submitted,570a72e43e0d6e5219dff38cd364c8452bdb1c3b0378883c6f9ad3684bf5dff9
ed9dbe2d489549ef67398f2f40875ba4ec098116cc442e4fb39065da31795fea,43f6ed2bae8bf3a8487c57322e80d69f6d59a81b9970df3f3b13e642a3b33139,stask2,2024-09-25 17:13:03+09:00,350,renewable,be,Submitted,40b3590dbb799d64e29a038a7af75449785cf2938859f53085e55dc7d6d373ab
78461ef8332b3cade2e2a4631e81ca63319d11626104c37bc17a8620e0ee8540,43f6ed2bae8bf3a8487c57322e80d69f6d59a81b9970df3f3b13e642a3b33139,stask2,2024-09-25 17:13:18+09:00,350,renewable,be,Submitted,843c135b3ea72e3db6f9e63dcfb86e1c4224d5317e636d9f4f28b188b3f32fd4
881d3c604121d201d00861e71bfa8808170e987111225e34849d60d7a93110bf,43f6ed2bae8bf3a8487c57322e80d69f6d59a81b9970df3f3b13e642a3b33139,stask2,2024-09-25 17:13:25+09:00,350,store,ag,Submitted,ee5e2e402fa8222b55f0fbc03e04666809888970dbf51443207fc48f7f6106d8
23a67143c34eb26b14de190b491f4d3dc1d1815076b579b274c5f02c353110aa,43f6ed2bae8bf3a8487c57322e80d69f6d59a81b9970df3f3b13e642a3b33139,stask2,2024-09-25 17:13:30+09:00,50,store,ag,Submitted,f25a0bdfe0e1b1f842a305652ba58dfe9ec21d92a0de79ea0b1dbefb38572f7e
e48bfedaee7710ad322448e7a23d6b70265c58ef1378000d3cf9b9e7aa378837,43f6ed2bae8bf3a8487c57322e80d69f6d59a81b9970df3f3b13e642a3b33139,stask2,2024-09-25 17:14:31+09:00,350,renewable,ag,Submitted,9e5b9640ad703c02ff96252da85f2e72b58cc981f204d59bcc22c6401804007a
53eb5221672e3b2dfe2c68bf15cc5ff91fcfeb387d902cc33d84db38689adfd6,43f6ed2bae8bf3a8487c57322e80d69f6d59a81b9970df3f3b13e642a3b33139,stask2,2024-09-25 17:14:56+09:00,50,store,ag,Submitted,09f21ce4e39ef2e1e456768d252114f1cf23d882057e95c154a9d6a9c48aaf74
0d69e698a45bb7754b59aa4f75504f699355928dc23e9e86e8650259b6a5e5e0,43f6ed2bae8bf3a8487c57322e80d69f6d59a81b9970df3f3b13e642a3b33139,stask2,2024-09-25 17:15:35+09:00,350,renewable,be,Submitted,6f338ec399339ee920f542a652f092a1e9d95693b72f38c33fa3a08b4457445a
8daebc227df1cdcd975b250d0c6e78a8dbfd1031281ac2b6140540d211bed91c,43f6ed2bae8bf3a8487c57322e80d69f6d59a81b9970df3f3b13e642a3b33139,stask2,2024-09-25 17:16:29+09:00,idk,idk,ag,Submitted,b77739dc6f691b6817af17b1c8b856488c9fa690a20c1cb72bc1188da7709da3
b5e8cbce87ee3b801c22ff3338a88770aaf35283423d2b616a3d5b407412976d,43f6ed2bae8bf3a8487c57322e80d69f6d59a81b9970df3f3b13e642a3b33139,stask2,2024-09-25 17:16:41+09:00,350,renewable,be,Submitted,0cda57d1717acf969a1740111d05ea94b6afa7d544c7833480d9444b015b6b4f
a448f1aa9444d597d236a98a4f82b2a46efa49a1e14150cfc5215ca0faadf8e8,43f6ed2bae8bf3a8487c57322e80d69f6d59a81b9970df3f3b13e642a3b33139,stask2,2024-09-25 17:16:47+09:00,idk,idk,ag,Submitted,646eb930e39bc876b84bf524a191fa701d0b1901b83c452a6f37723ad3786e82
1d436a11a284bdfcec1d922e4040aa3799370e1bbfbecd3ea7806f8ee3d9ee8d,43f6ed2bae8bf3a8487c57322e80d69f6d59a81b9970df3f3b13e642a3b33139,stask2,2024-09-25 17:17:06+09:00,idk,idk,ag,Submitted,6b37f469dd7e13875dfb6119c3913efcb32011958bfddf280d76ceea83f430c1
4a644dd3e8805833131d315ecd145e45e40e8a3a0d9efd26b75f26c998663416,43f6ed2bae8bf3a8487c57322e80d69f6d59a81b9970df3f3b13e642a3b33139,stask2,2024-09-25 17:21:52+09:00,50,store,ag,Submitted,224c4293473004964f1ff85a03c55cb677d60548a8e96214fd074cf3f7a926e5
9b5704b32c917696e3153297899478ae9d7e7582e0bcb30ac124312ee433d487,43f6ed2bae8bf3a8487c57322e80d69f6d59a81b9970df3f3b13e642a3b33139,stask2,2024-09-25 17:22:27+09:00,50,store,ag,Submitted,6407e52d5442c597e6e9804f1c4933e8a739c603e0f201be016d4a1549fdb576
